7
50
11596
[[155, 93, 6, 996, 279, 636, 174, 473, 565, 399, 855, 841, 720, 310, 776, 378, 271, 800, 595, 811, 79, 330, 344, 356, 575, 607, 706, 742, 763, 772, 698, 173, 742, 495, 1000, 230, 709, 983, 422, 416, 757, 801, 40, 720, 300, 470, 163, 561, 705, 572],
[409, 294, 498, 149, 361, 787, 363, 32, 918, 659, 122, 72, 751, 127, 68, 30, 763, 241, 502, 327, 117, 285, 388, 430, 740, 813, 829, 892, 926, 969, 383, 82, 458, 327, 420, 132, 705, 962, 62, 545, 699, 112, 380, 785, 405, 794, 264, 665, 844, 294],
[639, 357, 167, 359, 667, 942, 737, 937, 742, 331, 747, 150, 624, 245, 299, 985, 31, 661, 17, 949, 1, 28, 247, 311, 428, 577, 643, 701, 853, 910, 253, 458, 109, 175, 152, 395, 601, 947, 178, 54, 334, 754, 819, 427, 605, 677, 523, 181, 130, 687],
[320, 139, 20, 71, 265, 88, 100, 28, 329, 601, 354, 968, 958, 521, 326, 624, 463, 62, 561, 204, 39, 158, 487, 505, 511, 579, 607, 637, 691, 770, 38, 170, 711, 624, 959, 432, 825, 692, 719, 706, 435, 436, 31, 3, 195, 392, 753, 180, 402, 710],
[392, 308, 354, 16, 552, 652, 1000, 583, 313, 17, 531, 632, 155, 551, 702, 420, 638, 802, 447, 967, 199, 201, 453, 521, 607, 664, 679, 766, 769, 770, 175, 966, 266, 82, 775, 688, 826, 60, 720, 833, 356, 61, 174, 985, 711, 153, 988, 933, 83, 584],
[819, 16, 482, 674, 678, 461, 125, 968, 95, 41, 443, 965, 813, 822, 930, 697, 646, 743, 696, 24, 311, 167, 866, 587, 769, 716, 579, 810, 719, 512, 598, 13, 894, 849, 14, 370, 266, 478, 373, 673, 38, 86, 878, 784, 557, 793, 361, 84, 192, 108],
[482, 540, 446, 295, 57, 712, 688, 494, 82, 873, 238, 69, 244, 167, 345, 315, 432, 122, 413, 693, 672, 258, 459, 182, 836, 898, 568, 211, 39, 781, 515, 1000, 706, 999, 849, 908, 135, 844, 80, 480, 947, 985, 725, 271, 83, 377, 879, 694, 475, 988]]
[486, 694, 136, 515, 808, 527, 330, 404, 595, 738, 398, 754, 391, 968, 746, 289, 667, 632, 572, 639, 488, 407, 75, 200, 21, 192, 378, 399, 219, 823, 718, 321, 178, 106, 250, 460, 300, 295, 777, 108, 335, 950, 237, 612, 101, 483, 129, 454, 927, 961]
